A =
         6          2          9          5          2 
         2          1          7          0          7 
         8          8          4          8          2 
         2          0          5          1          0 
         5          6          4          0          2 
R =
      11.5       9.36       11.3       8.32       4.51 
  8.88e-16       4.16      -5.91     -0.951     -0.775 
  3.77e-15   3.11e-15       5.01      -3.49       5.51 
  1.42e-14   1.15e-14   1.29e-14       2.77       2.51 
 -2.35e-14  -2.01e-14  -2.37e-14  -1.65e-14       1.84 
Q =
      0.52     -0.691     -0.188     -0.233      0.404 
     0.173      -0.15      0.831      0.474      0.181 
     0.694      0.362     -0.337      0.505     -0.142 
     0.173      -0.39      0.148     -0.108     -0.885 
     0.434      0.466      0.373     -0.674     0.0241 
B =
      1.33     -0.328      -0.61      -1.79      0.423 
    -0.867      0.164      0.405        1.1     -0.111 
    -0.477      0.115      0.193      0.838     -0.118 
    -0.284      0.082      0.252      0.398     -0.256 
      0.22     0.0984     -0.077     -0.482     0.0131 
A*B = I: True
