f(x) = 45.4444444444444, f(optstart) = 3609
f(x) = 15.1111111111111, f(optstart) = 45.4444444444444
f(x) = 2.33352757415981, f(optstart) = 15.1111111111111
f(x) = 0.261399182908478, f(optstart) = 2.33352757415981
f(x) = 0.155290300579662, f(optstart) = 0.261399182908478
f(x) = 0.0677719590224405, f(optstart) = 0.155290300579662
f(x) = 0.0656915256851457, f(optstart) = 0.0677719590224405
f(x) = 0.0034812350711559, f(optstart) = 0.0656915256851457
f(x) = 0.000420701465644112, f(optstart) = 0.0034812350711559
optstart =     0.998      0.994 
xmin =         1          1 
steps = 4403
xmin =         1          1 
steps = 6755
