A =
         3          9          0          3          3 
         5          7          2          4          8 
         5          0          9          1          4 
         8          8          2          1          3 
         6          6          8          3          7 
R =
      12.6       12.8       9.44       4.76       10.7 
 -1.94e-16       8.06      -5.37       2.47       1.42 
 -1.78e-15     -4e-15       5.93       1.91       3.47 
 -2.89e-15  -2.22e-16     -6e-15       1.91       4.16 
  1.02e-14   5.77e-15   1.07e-14   6.66e-16       1.01 
Q =
     0.238      0.738      0.289     -0.264     -0.497 
     0.397      0.236    -0.0798      0.883     0.0261 
     0.397     -0.632      0.315      0.037     -0.585 
     0.634    -0.0187      -0.69     -0.344     0.0575 
     0.476     -0.014      0.579     -0.176      0.638 
B =
     0.141      0.186      0.443      0.108     -0.572 
   -0.0825     -0.206     -0.381     0.0464      0.469 
    0.0361      -0.16    -0.0206    -0.0515      0.201 
      0.93      0.407       1.28     -0.304      -1.46 
     -0.49     0.0258     -0.577     0.0567      0.629 
Q^T * Q = 1: True
Q * R = A: True
A * x = b: True
